International_Standard_Book_Number : 0.04773807149831716
Digital_object_identifier : 0.03942139819089807
International_Standard_Serial_Number : 0.030875853536724673
National_Diet_Library : 0.02166428377223211
Bibcode : 0.018309445413043333
PubMed_Identifier : 0.014808657743833699
World_War_II : 0.014785405457937434
Canada : 0.01448670795135248
Japan : 0.012995024649645364
OCLC : 0.01298240374730052
Wayback_Machine : 0.010573544159866262
United_States_dollar : 0.009411246462995671
Nature_(journal) : 0.008171214575635436
Astronomy : 0.007294531447604082
Tropical_cyclone : 0.006682376854389204
Mexico : 0.005454047935444583
National_Oceanic_and_Atmospheric_Administration : 0.005308659653527166
NASA : 0.005125971196866958
Pacific_Ocean : 0.0048978908244588235
China : 0.004857030277702508
Earth : 0.004613867109641431
United_States_Navy : 0.004532715042475731
International_Space_Station : 0.004457843692906934
Science_(journal) : 0.004384262700943928
Atlantic_Ocean : 0.004365596821217682
Puerto_Rico : 0.004130317827128212
United_States_Geological_Survey : 0.0038969524435078736
Meteorology : 0.003839348955826409
Florida : 0.0038034043784643235
Virginia : 0.0037942972008093555
Brazil : 0.0036294146821807816
Washington,_D.C. : 0.0035581182211018034
National_Weather_Service : 0.0035498434955335387
Philippines : 0.0035154651475821238
New_York_City : 0.0034294465647335555
Tornado : 0.003296079163656998
Bangladesh : 0.0030906501646165807
Maryland : 0.0030742865796516065
Equator : 0.003063368862780566
North_Carolina : 0.0030597306330653945
Ontario : 0.0029412762146719213
Haiti : 0.0029116015100992287
New_York_(state) : 0.0029050806944086387
Guam : 0.0028739616960404323
Wikisource : 0.0027770955434352922
Space_Shuttle : 0.0027322229764792914
Great_Plains : 0.002710308957619534
Atmospheric_pressure : 0.0026637606477042317
Pascal_(unit) : 0.0026315770853333376
Pennsylvania : 0.002629156142605365
