Virtual_International_Authority_File : 0.0233723051947205
International_Standard_Book_Number : 0.02209057033214028
United_States : 0.01898804805686619
Digital_object_identifier : 0.01768445013220414
Integrated_Authority_File : 0.01449645579026693
Wayback_Machine : 0.01198965538260767
International_Standard_Serial_Number : 0.009980454061209294
Biblioth%C3%A8que_nationale_de_France : 0.00957672880710886
Canada : 0.00861283428528966
United_Kingdom : 0.00842702375197125
ISO_4217 : 0.007708952357714468
Geographic_coordinate_system : 0.00758196334134225
ISO_3166 : 0.007248214278227849
France : 0.007167639425507964
Turks_and_Caicos_Islands : 0.006903609981739706
Bibcode : 0.0056151685328902036
French_language : 0.004971412063340747
Syst%C3%A8me_universitaire_de_documentation : 0.004745372128416134
Mexico : 0.004736863862625073
English_language : 0.004386771566563064
Spanish_language : 0.004289246644494152
Caribbean : 0.004265844024868886
PubMed_Identifier : 0.00419766705382729
Bermuda : 0.00404249146896881
DMOZ : 0.004042169274140789
Europe : 0.004006550219883781
Netherlands : 0.00394864949474628
Jamaica : 0.003744684434693529
Dependent_territory : 0.00370599241982641
Montserrat : 0.0036832081472847216
Anguilla : 0.0036365633627438803
British_Virgin_Islands : 0.003626157957765363
Cayman_Islands : 0.0035791758196738717
Scotland : 0.0035411042402149454
Tropical_cyclone : 0.0034942776851037095
England : 0.003374181141400656
Puerto_Rico : 0.0033716788998424925
United_States_dollar : 0.0033593005659799877
The_Bahamas : 0.0033056481705094594
Trinidad_and_Tobago : 0.003297458856132229
Grenada : 0.003144494144830187
Barbados : 0.0031379497406848968
Gibraltar : 0.0031332869863518837
British_Empire : 0.0030974420296055395
Mauritius : 0.003072043659774389
Country_code_top-level_domain : 0.0030617762589710625
Cuba : 0.0030214141583277333
Falkland_Islands : 0.002987070310199475
South_Georgia_and_the_South_Sandwich_Islands : 0.0029165880924864884
Sint_Maarten : 0.002914585179322174
